1130T1 2
0
1

1130T1 2
2
3

1130T1 2
4
5

1130T1 2
6
7

1130T1 2
8
9

1130T1 2
10
11

1130T1 2
12
13

1130T1 2
14
15

1130T1 2
16
17

1130T1 2
18
19

1130T1 2
20
21

1130T1 2
22
23

1130T1 2
24
25

1130T1 2
26
27

1130T1 2
28
29

1130T1 2
30
31

1130T1 2
32
33

1130T1 2
34
35

1130T1 2
36
37

1130T1 2
38
39

1130T1 2
40
41

1130T1 2
42
43

1130T1 2
44
45

1130T1 2
46
47

1130T1 2
48
49

1130T1 2
50
51

1130T1 2
52
53

1130T1 2
54
55

1130T1 2
56
57

1130T1 2
58
59

1130T1 2
60
61

1130T1 2
62
63

1130T1 2
64
65

1130T1 2
66
67

1130T1 2
68
69

1130T1 2
70
71

1130T1 2
72
73

1130T1 2
74
75

1130T1 2
76
77

1130T1 2
78
79

1130T1 2
80
81

1130T1 2
82
83

1130T1 2
84
85

1130T1 2
86
87

1130T1 2
88
89

1130T1 2
90
91

1130T1 2
92
93

1130T1 2
94
95

1130T1 2
96
97

1130T1 2
98
99

1130T1 2
100
101

1130T1 2
102
103

1130T1 2
104
105

1130T1 2
106
107

1130T1 2
108
109

1130T1 2
110
111

1130T1 2
112
113

1130T1 2
114
115

1130T1 2
116
117

1130T1 2
118
119

1130T1 2
120
121

1130T1 2
122
123

1130T1 2
124
125

1130T1 2
126
127

1130T1 2
128
129

1130T1 2
130
131

1130T1 2
132
133

1130T1 2
134
135

1130T1 2
136
137

1130T1 2
138
139

1130T1 2
140
141

1130T1 2
142
143

1130T1 2
144
145

1130T1 2
146
147

1130T1 2
148
149

1130T1 2
150
151

1130T1 2
152
153

1130T1 2
154
155

1130T1 2
156
157

1130T1 2
158
159

1130T1 2
160
161

1130T1 2
162
163

1130T1 2
164
165

1130T1 2
166
167

1130T1 2
168
169

1130T1 2
170
171

1130T1 2
172
173

1130T1 2
174
175

1130T1 2
176
177

1130T1 2
178
179

1130T1 2
180
181

1130T1 2
182
183

1130T1 2
184
185

1130T1 2
186
187

1130T1 2
188
189

1130T1 2
190
191

1130T1 2
192
193

1130T1 2
194
195

1130T1 2
196
197

1130T1 2
198
199

1130T1 2
200
201

1130T1 2
202
203

1130T1 2
204
205

1130T1 2
206
207

1130T1 2
208
209

1130T1 2
210
211

1130T1 2
212
213

1130T1 2
214
215

1130T1 2
216
217

1130T1 2
218
219

1130T1 2
220
221

1130T1 2
222
223

1130T1 2
224
225

1130T1 2
226
227

1130T1 2
228
229

1130T1 2
230
231

1130T1 2
232
233

1130T1 2
234
235

1130T1 2
236
237

1130T1 2
238
239

1130T1 2
240
241

1130T1 2
242
243

1130T1 2
244
245

1130T1 2
246
247

1130T1 2
248
249

1130T1 2
250
251

1130T1 2
252
253

1130T1 2
254
255

1130T1 2
256
257

1130T1 2
258
259

1130T1 2
260
261

1130T1 2
262
263

1130T1 2
264
265

1130T1 2
266
267

1130T1 2
268
269

1130T1 2
270
271

1130T1 2
272
273

1130T1 2
274
275

1130T1 2
276
277

1130T1 2
278
279

1130T1 2
280
281

1130T1 2
282
283

1130T1 2
284
285

1130T1 2
286
287

1130T1 2
288
289

1130T1 2
290
291

1130T1 2
292
293

1130T1 2
294
295

1130T1 2
296
297

1130T1 2
298
299

1130T1 2
300
301

1130T1 2
302
303

1130T1 2
304
305

1130T1 2
306
307

1130T1 2
308
309

1130T1 2
310
311

1130T1 2
312
313

1130T1 2
314
315

1130T1 2
316
317

1130T1 2
318
319

1130T1 2
320
321

1130T1 2
322
323

1130T1 2
324
325

1130T1 2
326
327

1130T1 2
328
329

1130T1 2
330
331

1130T1 2
332
333

1130T1 2
334
335

1130T1 2
336
337

1130T1 2
338
339

1130T1 2
340
341

1130T1 2
342
343

1130T1 2
344
345

1130T1 2
346
347

1130T1 2
348
349

1130T1 2
350
351

1130T1 2
352
353

1130T1 2
354
355

1130T1 2
356
357

1130T1 2
358
359

1130T1 2
360
361

1130T1 2
362
363

1130T1 2
364
365

1130T1 2
366
367

1130T1 2
368
369

1130T1 2
370
371

1130T1 2
372
373

1130T1 2
374
375

1130T1 2
376
377

1130T1 2
378
379

1130T1 2
380
381

1130T1 2
382
383

1130T1 2
384
385

1130T1 2
386
387

1130T1 2
388
389

1130T1 2
390
391

1130T1 2
392
393

1130T1 2
394
395

1130T1 2
396
397

1130T1 2
398
399

